0.1738437001594896
-0.08623015873015871
-0.06407407407407409
-0.09187500000000001
-0.0286525974025974
0.2
0.07727272727272727
0.05612745098039215
0.06333333333333332
0.1040952380952381
0.0
0.06208333333333334
0.026250000000000002
0.1064102564102564
-0.006875000000000004
0.18611111111111112
-0.007638888888888899
0.11805555555555552
0.1
0.14813384813384817
0.10206349206349205
0.16888888888888887
0.0
0.0
0.0
0.0
0.0
0.0
0.0
0.0
-0.05555555555555555
0.0
-0.04285714285714286
0.0
0.0
-0.25
-0.38333333333333336
0.0
0.0
0.0
0.0
0.0
0.02500000000000001
0.0
0.13636363636363635
0.11818181818181818
0.0
0.0
0.5
